123212341112111111111111111111111111111111111111111111111111
123212341112111111111111111111111111111111111111111111111111
123212341112111111111111111111111111111111111111111111111111
123212341112111111111111111111111111111111111111111111111111
123212341112111111111111111111111111111111111111111111111111
123212341112111111111111111111111111111111111111111111111111
123212341112111111111111111111111111111111111111111111111111
123212341112111111111111111111111111111111111111111111111111
123212341112111111111111111111111111111111111111111111111111
123212341112111111111111111111111111111111111111111111111111
123212341112111111111111111111111111111111111111111111111111
123212341112111111111111111111111111111111111111111111111111
123212341112111111111111111111111111111111111111111111111111
123212341112111111111111111111111111111111111111111111111111

123212341112111111111111111111111111111111111111111111111111
123212341112111111111111111111111111111111111111111111111111
123212341112111111111111111111111111111111111111111111111111
123212341112111111111111111111111111111111111111111111111111
123212341112111111111111111111111111111111111111111111111111
123212341112111111111111111111111111111111111111111111111111
123212341112111111111111111111111111111111111111111111111111

123212341112111111111111111111111111111111111111111111111111
123212341112111111111111111111111111111111111111111111111111
123212341112111111111111111111111111111111111111111111111111
123212341112111111111111111111111111111111111111111111111111
123212341112111111111111111111111111111111111111111111111111
123212341112111111111111111111111111111111111111111111111111
123212341112111111111111111111111111111111111111111111111111
123212341112111111111111111111111111111111111111111111111111
123212341112111111111111111111111111111111111111111111111111
123212341112111111111111111111111111111111111111111111111111
123212341112111111111111111111111111111111111111111111111111
123212341112111111111111111111111111111111111111111111111111
123212341112111111111111111111111111111111111111111111111111
123212341112111111111111111111111111111111111111111111111111
123212341112111111111111111111111111111111111111111111111111
123212341112111111111111111111111111111111111111111111111111
123212341112111111111111111111111111111111111111111111111111
123212341112111111111111111111111111111111111111111111111111
123212341112111111111111111111111111111111111111111111111111
123212341112111111111111111111111111111111111111111111111111
123212341112111111111111111111111111111111111111111111111111
123212341112111111111111111111111111111111111111111111111111
123212341112111111111111111111111111111111111111111111111111
123212341112111111111111111111111111111111111111111111111111
123212341112111111111111111111111111111111111111111111111111
123212341112111111111111111111111111111111111111111111111111
123212341112111111111111111111111111111111111111111111111111
123212341112111111111111111111111111111111111111111111111111
123212341112111111111111111111111111111111111111111111111111
123212341112111111111111111111111111111111111111111111111111
123212341112111111111111111111111111111111111111111111111111
123212341112111111111111111111111111111111111111111111111111
123212341112111111111111111111111111111111111111111111111111
123212341112111111111111111111111111111111111111111111111111
123212341112111111111111111111111111111111111111111111111111
123212341112111111111111111111111111111111111111111111111111
123212341112111111111111111111111111111111111111111111111111
123212341112111111111111111111111111111111111111111111111111
123212341112111111111111111111111111111111111111111111111111
123212341112111111111111111111111111111111111111111111111111
123212341112111111111111111111111111111111111111111111111111
123212341112111111111111111111111111111111111111111111111111
123212341112111111111111111111111111111111111111111111111111
123212341112111111111111111111111111111111111111111111111111
123212341112111111111111111111111111111111111111111111111111
123212341112111111111111111111111111111111111111111111111111
123212341112111111111111111111111111111111111111111111111111
123212341112111111111111111111111111111111111111111111111111
123212341112111111111111111111111111111111111111111111111111
